<?xml version="1.0"?>
<opencv_storage>
<calibration_time>"Mi 28 Nov 2018 14:34:47 CET"</calibration_time>
<nr_of_frames>25</nr_of_frames>
<image_width>640</image_width>
<image_height>480</image_height>
<board_width>9</board_width>
<board_height>6</board_height>
<square_size>50.</square_size>
<fix_aspect_ratio>1.</fix_aspect_ratio>
<!-- flags: +fix_aspectRatio +fix_principal_point +zero_tangent_dist +fix_k4 +fix_k5 -->
<flags>6158</flags>
<fisheye_model>0</fisheye_model>
<camera_matrix type_id="opencv-matrix">
  <rows>3</rows>
  <cols>3</cols>
  <dt>d</dt>
  <data>
    6.3089047935438714e+02 0. 320. 0. 6.3089047935438714e+02 240. 0. 0.
    1.</data></camera_matrix>
<distortion_coefficients type_id="opencv-matrix">
  <rows>5</rows>
  <cols>1</cols>
  <dt>d</dt>
  <data>
    1.3965175272839919e-02 -1.6783867844748271e-01 0. 0.
    3.3694567333201081e-01</data></distortion_coefficients>
<avg_reprojection_error>5.4906642682617635e-01</avg_reprojection_error>
<per_view_reprojection_errors type_id="opencv-matrix">
  <rows>25</rows>
  <cols>1</cols>
  <dt>f</dt>
  <data>
    4.68504012e-01 4.88663226e-01 5.20205259e-01 5.23841381e-01
    4.51754749e-01 4.08398062e-01 1.44244254e+00 3.63802135e-01
    3.71143758e-01 3.82709414e-01 4.97784853e-01 6.18928850e-01
    6.21292055e-01 5.10082304e-01 4.94598269e-01 5.45151114e-01
    4.83663946e-01 4.55262452e-01 4.81484383e-01 5.14787078e-01
    4.52986002e-01 4.26245689e-01 3.98781121e-01 4.30051148e-01
    4.21559215e-01</data></per_view_reprojection_errors>
<!-- a set of 6-tuples (rotation vector + translation vector) for each view -->
<extrinsic_parameters type_id="opencv-matrix">
  <rows>25</rows>
  <cols>6</cols>
  <dt>d</dt>
  <data>
    -3.1439995687379912e-01 -6.7848252218751057e-02
    -9.9065286089904406e-02 -2.2140950876117066e+02
    -1.1526978988095313e+02 8.1110435378425120e+02
    -3.9390932128883660e-01 -3.0903200980236141e-02
    -1.2518296379438959e-01 -2.2467776574323759e+02
    -8.7761043096501737e+01 8.2931425670536851e+02
    -3.9193942761056560e-01 -2.5017126705674408e-02
    -1.3202427621266272e-01 -2.2894932304987441e+02
    -1.0056048690171561e+02 8.2781568407448185e+02
    -3.3060719926874221e-01 -2.4467981591463128e-02
    -5.5861492436481378e-02 -2.2936386098431484e+02
    -1.3346837564712823e+02 8.3380805743016458e+02
    -2.9601228392162271e-01 5.9352378543290105e-02
    3.7120496419444794e-02 -2.5751311371852614e+02
    -1.7666135587374686e+02 8.9168755563188915e+02
    -5.1777199165795151e-01 -2.1454208849473125e-01
    -1.2581471918996567e-01 -2.6469222903572989e+02
    -1.2447054807481170e+02 9.2323565982698915e+02
    -2.7183208487692523e-01 1.5952517950026077e+00
    2.6806404802120278e+00 2.0723760633226630e+02 2.3305658323485162e+02
    1.0248132704008358e+03 -2.8598795681027772e-01
    -6.6953676724303040e-03 -2.1058316869166292e-02
    -2.5975785249916004e+02 2.8303588422510404e+00
    8.7014497031626161e+02 -2.0471761720421131e-01
    6.0477343420010703e-02 2.3317111584706396e-02
    -1.0639409189283101e+02 -5.5165579911430903e+01
    7.7407705281098015e+02 -2.1686423615273998e-01
    7.8177313872018039e-02 2.2939795881206690e-02
    -8.9978965949196521e+01 -4.7170892249026657e+01
    7.7780706869779101e+02 -2.3855034870449560e-01
    9.8968425803051485e-02 2.1897255585704059e-02
    -8.9909565615344818e+01 -4.2161561854167495e+01
    7.8954267157395407e+02 -2.4100086093968257e-01
    6.1971304743603448e-02 2.6086887123542022e-03
    -1.0895231523035908e+02 -3.2625213833751552e+01
    7.7945164807306446e+02 -2.5437981973798468e-01
    6.1819800692885750e-02 -4.0074665477369716e-03
    -1.2338393639909566e+02 -2.9440887905431776e+01
    7.8379384998328351e+02 -2.6223588621927951e-01
    3.2058072640938434e-02 -2.8459533598738280e-02
    -1.5426691978044178e+02 -1.9764702068111834e+01
    7.7775861394634967e+02 -2.5090048120594860e-01
    3.8840387563511949e-02 -5.2987986012675379e-03
    -1.6451689632252953e+02 -1.8397658337621561e+01
    7.7285325687166210e+02 -2.4731152342159760e-01
    4.7276500670217700e-02 -3.6773781056316590e-03
    -1.7167712792391404e+02 -1.8378413116676708e+01
    7.7359998493554190e+02 -2.4871650721467467e-01
    5.8276185852703631e-02 1.6834553512006607e-03
    -1.7624335777028878e+02 -1.6943826035497853e+01
    7.7550728902501999e+02 -2.4648559584154839e-01
    5.8967294368421186e-02 2.9709282331157874e-03
    -1.7786265366774603e+02 -1.3883819765195636e+01
    7.7275629586109108e+02 -2.3909068498306962e-01
    5.5000301322819009e-02 9.7651360767102258e-04
    -1.7990608263409283e+02 -1.3826838967195378e+01
    7.6871311812043814e+02 -2.3745633473564093e-01
    5.5271551436563149e-02 -8.6888371789552478e-03
    -1.8902345671708980e+02 -1.0190985565624160e+01
    7.6704485091898982e+02 -2.4469630961757269e-01
    5.1487659130572482e-02 -1.3070509664611341e-02
    -1.9189336620819873e+02 -5.4037933468175199e+00
    7.6603169574088747e+02 -2.4397682365954892e-01
    5.2657510454890033e-02 -1.0475014484676082e-02
    -1.9031407018835353e+02 -6.3221003911429108e+00
    7.6635269441654691e+02 -2.4156542682634088e-01
    5.2437671722858688e-02 -8.1806575868572547e-03
    -1.8763286735892152e+02 -6.7136939406152401e+00
    7.6531944854840583e+02 -2.3787948859116728e-01
    5.1003563518321436e-02 -4.6234843811227477e-03
    -1.8322886024754155e+02 -6.7596546636343886e+00
    7.6267988357707577e+02 -2.3799744557475289e-01
    4.9663147067032759e-02 -3.5523122943338474e-03
    -1.8145677945182243e+02 -6.9276654714787300e+00
    7.6220123390786932e+02</data></extrinsic_parameters>
