<?xml version="1.0"?>
<opencv_storage>
<calibration_time>"Mi 28 Nov 2018 14:34:29 CET"</calibration_time>
<nr_of_frames>25</nr_of_frames>
<image_width>640</image_width>
<image_height>480</image_height>
<board_width>9</board_width>
<board_height>6</board_height>
<square_size>50.</square_size>
<fix_aspect_ratio>1.</fix_aspect_ratio>
<!-- flags: +fix_aspectRatio +fix_principal_point +zero_tangent_dist +fix_k4 +fix_k5 -->
<flags>6158</flags>
<fisheye_model>0</fisheye_model>
<camera_matrix type_id="opencv-matrix">
  <rows>3</rows>
  <cols>3</cols>
  <dt>d</dt>
  <data>
    6.5026119452759133e+02 0. 320. 0. 6.5026119452759133e+02 240. 0. 0.
    1.</data></camera_matrix>
<distortion_coefficients type_id="opencv-matrix">
  <rows>5</rows>
  <cols>1</cols>
  <dt>d</dt>
  <data>
    -1.2780695406645201e-01 6.4172900548530309e-01 0. 0.
    -1.6569428436997244e+00</data></distortion_coefficients>
<avg_reprojection_error>9.5450729217265529e-01</avg_reprojection_error>
<per_view_reprojection_errors type_id="opencv-matrix">
  <rows>25</rows>
  <cols>1</cols>
  <dt>f</dt>
  <data>
    4.63866383e-01 3.82541031e-01 4.62182999e-01 4.54652846e-01
    2.03496885e+00 4.28230315e-01 4.40173596e-01 4.43098992e-01
    4.06931460e-01 4.00240690e-01 3.95963043e-01 4.39984798e-01
    4.59953547e-01 4.48066622e-01 5.19497097e-01 2.51589847e+00
    2.67239738e+00 9.87631798e-01 4.79919016e-01 5.24103582e-01
    4.62239951e-01 4.04059440e-01 4.47822690e-01 4.46765065e-01
    4.39767987e-01</data></per_view_reprojection_errors>
<!-- a set of 6-tuples (rotation vector + translation vector) for each view -->
<extrinsic_parameters type_id="opencv-matrix">
  <rows>25</rows>
  <cols>6</cols>
  <dt>d</dt>
  <data>
    -4.6149602501353520e-01 -8.6704091942661571e-02
    -5.7252214545954049e-02 -1.0660079250752365e+02
    -1.0130567427077121e+02 8.9297545655121166e+02
    -4.0617029993273657e-01 -6.4694069080687033e-02
    -7.3519626228675014e-02 -1.0820030035573463e+02
    -6.7316215294396343e+01 8.6970459946526375e+02
    -4.1659942909294484e-01 -4.2480243812141674e-02
    -7.4340198188279499e-02 -1.1136024275492410e+02
    -4.0362603046672142e+01 8.4979250605934635e+02
    -4.3141828109980251e-01 -4.1700471823727991e-02
    -9.7601243674713831e-02 -1.0963016713256734e+02
    -7.7295049113183566e+01 8.6656210828716064e+02
    -2.4329388685342884e-01 1.6931750562705028e+00
    2.5866443913872419e+00 2.5641983845300979e+02 1.8760898926046545e+02
    9.3545444847269016e+02 -3.7077166455389432e-01
    -2.9039648254556055e-01 -1.0408675824831284e-01
    -1.5024379934603709e+02 -1.0280114626052573e+02
    8.9150019414413680e+02 -4.5440679824393809e-01
    -2.6585706208377580e-01 -9.2387597822977160e-02
    -1.4760634788014877e+02 -9.0931911529891863e+01
    9.1458990315870835e+02 -4.7248829889763150e-01
    -2.5776842630968272e-01 -9.5125751962678168e-02
    -1.4511972701840730e+02 -8.8604897003616173e+01
    9.2721968937608358e+02 -4.7406006078363416e-01
    -1.0937937755000743e-01 2.5686305755021999e-02
    -1.2006479569657526e+02 -1.0392744695936386e+02
    9.8298858778596571e+02 -3.3303964270430181e-01
    4.4033317194509924e-02 1.5654675533365711e-01
    -9.1100598240996476e+01 -1.2899362458113544e+02
    1.0005586643920834e+03 -3.2303124912056447e-01
    5.1475603506190688e-02 1.6262785382140116e-01
    -8.6897707894316710e+01 -1.3025875639242651e+02
    1.0016486216433190e+03 -8.3198602958756829e-01
    -2.1617965141494130e-01 3.7459171783681390e-02
    -7.9622413922525737e+01 1.1209956666032603e+02
    1.1717511582911377e+03 -8.6301409789867278e-01
    -2.1323605328669601e-01 4.1563722059511400e-02
    -8.2538880511736835e+01 1.1922672088746975e+02
    1.1798091539371349e+03 -9.2109495521019014e-01
    -2.1058201445037872e-01 4.1231482271844144e-02
    -8.4113875666361523e+01 1.3569665852972201e+02
    1.1948612998070548e+03 -1.0308558872348492e+00
    -2.1668162784266129e-01 3.6087151554845848e-02
    -9.1730708700589446e+01 1.6427411205978299e+02
    1.2148463942170763e+03 3.4445188722351028e-01
    -1.6725444748844642e+00 -2.6130050050101064e+00
    3.1019937930335743e+02 3.0458381399828949e+02 1.0513372826616626e+03
    3.4296808590712358e-01 -1.6614629634961917e+00
    -2.6219323477964300e+00 3.1403178778023658e+02
    3.0751252886964420e+02 1.0547609007587887e+03
    -2.5529748408178438e-01 1.9240153252675379e-01
    7.0598903971896526e-02 -1.0659609137517674e+02
    -1.1235610064115450e+01 8.9747518171804495e+02
    -3.0858045383652732e-01 5.9522361839886122e-02
    2.1919958431068965e-02 -1.5198703657475684e+02
    1.2971427425594479e+01 9.1083021218713623e+02
    -4.2079156956275232e-01 1.7985627666867010e-02
    2.7978147069392566e-02 -1.4779902129048469e+02
    -5.8477412525140449e-01 9.4155561610048869e+02
    -3.5174456128694670e-01 2.6929762428530051e-02
    6.5280299318037374e-02 -1.0248300629274215e+02
    -9.6420952790572052e+00 9.0742026765950754e+02
    -3.5956282599106060e-01 2.0870943730852038e-02
    6.5452348373196981e-02 -1.0199572436340578e+02
    -1.5426830119975898e+01 9.1092473342249639e+02
    -3.8088025636398903e-01 3.6277666546589489e-02
    7.3000416483524122e-02 -9.8309296655696812e+01
    -1.5805575982498443e+01 9.2123276772089162e+02
    -3.8659231483300055e-01 3.1648585915547686e-02
    7.2289037595271527e-02 -9.9077702869725059e+01
    -1.5603332167093301e+01 9.2251308363189730e+02
    -3.8538859757201277e-01 2.2690571941483675e-02
    6.7123961508383082e-02 -9.8275793807146655e+01
    -1.1777256593236833e+01 9.1178008549936533e+02</data></extrinsic_parameters>
