<?xml version="1.0"?>
<opencv_storage>
<R_Matrix type_id="opencv-matrix">
  <rows>3</rows>
  <cols>3</cols>
  <dt>d</dt>
  <data>
    9.7908204768230755e-01 -1.7115575444877806e-01
    1.1001841493717887e-01 1.2836564557714586e-01 9.3913745245829672e-01
    3.1865829100417770e-01 -1.5786261413578026e-01
    -2.9787002720852968e-01 9.4146313892207567e-01</data></R_Matrix>
<T_Matrix type_id="opencv-matrix">
  <rows>3</rows>
  <cols>1</cols>
  <dt>d</dt>
  <data>
    -6.1069985567375591e+00 -2.2929839564673188e+02
    2.7493713016402677e+02</data></T_Matrix>
<E_Matrix type_id="opencv-matrix">
  <rows>3</rows>
  <cols>3</cols>
  <dt>d</dt>
  <data>
    9.0516194730043509e-01 -1.8990263665827496e+02
    -3.0348698334703010e+02 2.6822194162820239e+02
    -4.8876163765463765e+01 3.5997661298641781e+01
    2.2371801392779582e+02 -4.4981050967551809e+01
    2.3281000313436586e+01</data></E_Matrix>
<F_Matrix type_id="opencv-matrix">
  <rows>3</rows>
  <cols>3</cols>
  <dt>d</dt>
  <data>
    3.1073230814862911e-08 -6.5191521570615058e-06
    -5.0182036366325017e-03 9.2077692027164756e-06
    -1.6778658477179718e-06 -1.7641686275544051e-03
    2.7741962999575176e-03 1.4847151255793034e-03 1.</data></F_Matrix>
</opencv_storage>
