<?xml version="1.0"?>
<opencv_storage>
<Settings>
<calibration_time>"Mi 24 Okt 2018 15:36:56 CEST"</calibration_time>
<nr_of_frames>16</nr_of_frames>
<image_width>640</image_width>
<image_height>480</image_height>
<board_width>9</board_width>
<board_height>6</board_height>
<square_size>50.</square_size>
<fix_aspect_ratio>1.</fix_aspect_ratio>
<!-- flags: +fix_aspectRatio +fix_principal_point +zero_tangent_dist +fix_k4 +fix_k5 -->
<flags>6158</flags>
<fisheye_model>0</fisheye_model>
<camera_matrix type_id="opencv-matrix">
  <rows>3</rows>
  <cols>3</cols>
  <dt>d</dt>
  <data>
    5.4396705936953515e+02 0. 320. 0. 5.4396705936953515e+02 240. 0. 0.
    1.</data></camera_matrix>
<distortion_coefficients type_id="opencv-matrix">
  <rows>5</rows>
  <cols>1</cols>
  <dt>d</dt>
  <data>
    -2.9732608878734990e-01 1.5956981854758662e-01 0. 0.
    -1.0365950898122510e-01</data></distortion_coefficients>
<avg_reprojection_error>5.2513816607947006e-01</avg_reprojection_error>
<per_view_reprojection_errors type_id="opencv-matrix">
  <rows>16</rows>
  <cols>1</cols>
  <dt>f</dt>
  <data>
    1.88739792e-01 1.18678510e+00 2.72786766e-01 2.60751069e-01
    4.41515416e-01 2.22398043e-01 3.19020391e-01 4.71229404e-01
    1.18341494e+00 4.14398372e-01 1.88180789e-01 2.26753026e-01
    6.23595297e-01 2.06089333e-01 3.11570257e-01 2.64881939e-01</data></per_view_reprojection_errors>
<!-- a set of 6-tuples (rotation vector + translation vector) for each view -->
<extrinsic_parameters type_id="opencv-matrix">
  <rows>16</rows>
  <cols>6</cols>
  <dt>d</dt>
  <data>
    1.7315622378403855e-01 3.1025973383083921e-01 1.2881004075869935e-02
    -1.1669226762454510e+02 -2.2481897165217441e+02
    8.1551438490917576e+02 3.9507762238659211e-01 6.8979794490131396e-01
    -1.3464570793741073e+00 -8.7518225719135273e+01
    1.5981750636487232e+02 7.2122648654352577e+02
    -2.7001833047802659e-01 2.1993297537830547e-01
    3.6155694746165967e-01 -5.3189354032047390e+01
    -2.0578211853629918e+02 6.4668144504147506e+02
    -1.0828720401307416e-01 2.7553142144713888e-01
    1.5384468568377927e-03 -1.6915630756010808e+02
    -1.4003968453434629e+02 6.7701712489227600e+02
    -2.6617539377488331e-01 4.5816009883750347e-01
    1.3217557408516754e+00 1.4340795990953268e+02
    -2.3501593588729381e+02 6.3632695841489181e+02
    4.3936539379147632e-01 3.1888996144747217e-01 1.6431701396868414e+00
    3.6371063594313819e+02 -1.3694487952339543e+02
    6.7312088756781225e+02 2.2264408592059379e-01 3.6989634190543974e-01
    1.8683102650476711e+00 7.1724997460293665e+01
    -1.4992755199115146e+02 7.8517750403423975e+02
    -5.6381617376836154e-02 5.0441112980926561e-01
    1.7593546756519591e+00 1.8456385058589157e+02
    -1.8055670278261431e+02 6.3430016008608277e+02
    3.9264067302932026e-01 6.5892444099260039e-01
    -1.3528744002255895e+00 -2.6922157891210912e+02
    1.7757572817202302e+02 7.1431952661552293e+02 1.5227789811058592e-01
    2.8754511526495213e-01 6.5101518352374734e-03
    -3.0348026067229881e+02 -2.0500993373290677e+02
    8.1220755695078390e+02 -2.8313012925230502e-01
    2.1056319586680264e-01 3.5164912939935705e-01
    -2.3574355506723518e+02 -1.9029201788908895e+02
    6.4631160678458491e+02 -1.2448246470345657e-01
    2.6036239282495421e-01 -7.7821933041841446e-03
    -3.5186277027741886e+02 -1.2286470411840220e+02
    6.7391449542721364e+02 -2.8597462269760543e-01
    4.5238519698460450e-01 1.3101849641520960e+00
    -3.8933631796202668e+01 -2.2119458457906538e+02
    6.4055393577809366e+02 4.1223446523883389e-01 3.2650955790425923e-01
    1.6408060565166449e+00 1.7980063411633870e+02
    -1.2176685851857053e+02 6.7738941782445158e+02
    1.9040681845561086e-01 3.7268913575836188e-01 1.8585668666619237e+00
    -1.1413870168321141e+02 -1.3186466007065246e+02
    7.8715271513602522e+02 -7.8363748363531327e-02
    5.0159344462737088e-01 1.7459318312070680e+00 1.3058677373683891e+00
    -1.6689606712155708e+02 6.3870663058263449e+02</data></extrinsic_parameters>
